========== 待定点物方空间坐标 ==========

点号       X(mm)              Y(mm)              Z(mm)              到52号点距离(mm)           
------------------------------------------------------------------------------------------
11       1980.704222        4471.280135        -70.730357         928.025894            
12       1981.943619        4484.871736        -300.049961        907.725807            
13       1986.017960        4497.042867        -502.489725        935.151028            
31       2279.083803        4212.984155        -81.971239         553.849435            
33       2281.101258        4227.609476        -522.034109        566.150014            
41       2468.694966        4029.953523        -90.530745         336.665302            
51       2725.827525        3965.652755        -77.305246         215.412981            
52       2732.191790        3973.954641        -292.464087        0.000000e+00          
53       2740.878277        3982.391359        -531.608282        239.450578            
61       2987.705565        4042.545387        -91.861644         332.014036            
62       2990.532307        4053.537608        -286.918169        270.377567            
71       3172.050861        4237.958031        -75.748088         556.901802            
72       3173.585742        4253.887628        -297.082323        522.697261            
73       3178.229288        4268.529553        -523.009635        582.129778            
91       3450.861685        4526.553023        -70.156777         933.419482            

========== 统计信息 ==========
待定点总数: 15
X范围: 1980.70 ~ 3450.86 mm
Y范围: 3965.65 ~ 4526.55 mm
Z范围: -531.61 ~ -70.16 mm
